2.37	-10.67	1.18	0
2.38	-10.66	1.16	216
2.38	-10.62	1.27	434
2.38	-10.58	1.29	653
2.37	-10.48	1.19	874
2.38	-10.38	1.19	1093
2.39	-10.25	1.11	1307
2.39	-10.08	1.07	1524
2.39	-9.9	1.14	1741
2.38	-9.66	1.13	1961
2.37	-9.38	1.11	2178
2.36	-9.07	1.11	2392
2.37	-8.74	1.12	2612
2.38	-8.37	1.12	2827
2.39	-7.99	1.11	3045
2.39	-7.59	1.11	3267
2.38	-7.16	1.12	3486
2.39	-6.71	1.11	3703
2.39	-6.24	1.11	3919
2.37	-5.74	1.11	4137
2.36	-5.24	1.11	4354
2.35	-4.73	1.11	4571
2.36	-4.22	1.11	4788
2.37	-3.73	1.11	5006
2.37	-3.22	1.11	5222
2.36	-2.72	1.11	5439
2.34	-2.21	1.11	5653
2.34	-1.7	1.11	5897
2.35	-0.69	1.36	6324
2.35	-0.19	1.47	6542
2.35	0.3	1.53	6758
2.36	0.82	1.3	6977
2.36	1.31	1.22	7192
2.37	1.8	1.13	7409
2.36	2.28	1.1	7628
2.35	2.74	1.23	7843
2.35	3.22	1.17	8061
2.35	3.7	1.06	8284
2.38	4.16	1.02	8501
2.39	4.62	1.02	8717
2.38	5.08	1.04	8935
2.38	5.53	1.08	9151
2.38	5.98	1.07	9368
2.35	6.43	1.13	9587
2.36	6.87	1.1	9802
2.36	7.31	1.11	10020
2.35	7.75	1.17	10236
2.41	8.18	1.05	10454
2.44	8.61	1.01	10678
2.49	9.05	0.96	10897
2.51	9.46	0.88	11112
2.52	9.82	0.89	11330
2.53	10.2	1.04	11545
2.54	10.57	1.17	11761
2.56	10.95	1.25	11980
2.56	11.37	1.37	12197
2.57	11.75	1.4	12413
2.56	12.14	1.4	12634
2.57	12.52	1.34	12851
2.6	12.88	1.33	13091
2.62	13.25	1.27	13307
2.64	13.6	1.18	13525
2.65	13.95	1.18	13742
2.64	14.31	1.07	13958
2.62	14.67	1.0	14173
2.65	15.0	0.99	14394
2.68	15.32	1.14	14610
2.72	15.64	1.21	14828
2.79	15.95	1.24	15045
2.81	16.28	1.28	15259
2.83	16.6	1.19	15485
2.85	16.91	1.2	15702
2.86	17.21	1.2	15919
2.89	17.8	1.2	16353
2.93	18.1	1.16	16569
2.95	18.39	1.15	16787
2.97	18.68	1.13	17004
2.99	18.96	1.11	17221
2.96	19.21	1.14	17438
2.98	19.48	1.21	17653
2.93	19.76	1.2	17866
2.95	20.02	1.22	18112
3.0	20.28	1.25	18329
3.02	20.52	1.19	18538
3.11	20.74	1.21	18763
3.14	20.98	1.22	18980
3.16	21.21	1.22	19197
3.18	21.44	1.21	19414
3.2	21.66	1.21	19632
3.21	21.87	1.33	19845
3.23	22.08	1.45	20063
3.27	22.29	1.5	20282
3.29	22.48	1.58	20504
3.31	22.68	1.55	20722
3.33	22.86	1.52	20939
3.32	23.04	1.54	21156
3.34	23.22	1.55	21373
3.36	23.39	1.55	21588
3.37	23.56	1.52	21801
3.38	23.71	1.52	22021
3.4	23.86	1.52	22241
3.42	24.01	1.51	22458
3.43	24.14	1.44	22674
3.46	24.27	0.99	22891
3.48	24.4	0.86	23132
3.5	24.52	0.69	23349
3.54	24.64	0.57	23565
3.54	24.75	0.78	23783
3.56	24.85	0.88	23997
3.61	24.96	0.88	24217
3.62	25.05	0.93	24432
3.65	25.13	1.13	24648
3.66	25.2	1.11	24865
3.65	25.25	1.22	25082
3.67	25.31	1.35	25300
3.67	25.35	1.35	25523
3.67	25.39	1.36	25741
3.67	25.42	1.36	25959
3.67	25.43	1.36	26393
